14383980, 0.265, 0.5142
15200401, 1.207, 0.4020
37374687, 34.129, 0.5759
15481673, 0.132, 0.5229
14408052, 0.103, 0.4093
15296281, 25.459, 0.5983
10410337, 0.130, 0.3715
15520985, 0.403, 0.4265
15189073, 0.499, 0.4831
10370141, 0.939, 0.6413
14601172, 0.016, 0.6545
11413954, 0.783, 0.3110
10527789, 2.919, 0.3638
15476961, 0.291, 0.7625
37507576, 1.147, 0.3925
15475329, 0.549, 0.2622
37510616, 3.251, 0.5991
14418600, 0.083, 0.3859
14898996, 1.542, 0.3908
37526424, 0.136, 0.6398
15447161, 0.410, 0.2773
11339042, 0.469, 0.3525
11373458, 0.095, 0.4471
10530013, 1.095, 0.3547
14571828, 2.746, 0.4743
37301704, 0.264, 0.4108
11001205, 0.212, 0.4252
14600292, 2.109, 0.4316
37298672, 2.103, 0.2572
10321561, 31.032, 0.6210
15226257, 3.642, 0.5359
15507801, 0.461, 0.3076
11006189, 1.081, 0.6129
14396336, 0.568, 0.8174
10489253, 0.732, 0.3781
15223417, 1.736, 0.5262
37299263, 0.861, 0.3339
15014900, 1.474, 0.4375
14403732, 7.272, 0.6924
15071220, 0.484, 0.5937
37166079, 3.028, 0.2024
14406304, 1.468, 0.2569
37644544, 0.130, 0.2235
15153497, 6.853, 0.5101
15267105, 0.938, 0.3063
37243591, 1.160, 0.5571